100 7 20 4 .97 .85 .86 .84 .83 .82 .81
100 7 20 3 .77 .75 .76 .74 .73 .72 .71
100 7 20 2 .67 .65 .66 .64 .63 .64 .61
100 7 20 1 .57 .55 .56 .54 .53 .52 .51
100 7 15 4 .77 .75 .76 .74 .73 .72 .71
100 7 15 3 .67 .65 .66 .64 .63 .64 .61
100 7 15 2 .57 .55 .56 .54 .53 .52 .51
100 7 15 1 .47 .45 .46 .44 .43 .42 .41
100 7 10 4 .67 .65 .66 .64 .63 .64 .61
100 7 10 3 .57 .55 .56 .54 .53 .52 .51
100 7 10 2 .47 .45 .46 .44 .43 .42 .41
100 7 10 1 .37 .35 .36 .34 .33 .32 .31
100 7 5 4 .57 .55 .56 .54 .53 .52 .51
100 7 5 3 .47 .45 .46 .44 .43 .42 .41
100 7 5 2 .37 .35 .36 .34 .33 .32 .31
100 7 5 1 .27 .25 .26 .24 .23 .22 .21
